;;transect	Cell	%shelter	%cover	%gravel
1	0	0	1	0
1	1	0.2	0	0.3
1	2	0.2	0	0.25
1	3	0.2	0	0.65
1	4	0.2	0	0.3
1	5	0.2	0	0.35
1	6	0.2	0	0.3
1	7	0.2	0	0.5
1	8	0.2	0	0.4
1	9	0.2	0	0.5
1	10	0.2	0	0.5
1	11	0	1	0
1	12	0	1	0
1	13	0	1	0
1	14	0	1	0
2	15	0	1	0
2	16	0	0	0
2	17	0	0	0
2	18	0	0	0
2	19	0	0	1
2	20	0	0	1
2	21	0	0	0.7
2	22	0	0	0.7
2	23	0.2	0	0.4
2	24	0	1	0
2	25	0	1	0
3	26	0	1	0
3	27	0.2	0	0
3	28	0.3	0	0
3	29	0.2	0	0.5
3	30	0.2	0	0.6
3	31	0.2	0	0.5
3	32	0.2	0	0.45
3	33	0.2	0	0.45
3	34	0.2	0	0.45
3	35	0	1	0
3	36	0	1	0
4	37	0	1	0
4	38	0	1	0
4	39	0	0	0.3
4	40	0.25	0	0
4	41	0.2	0	0.1
4	42	0.2	0	0
4	43	0	0	0
4	44	0	0	0
4	45	0.05	0	0.05
4	46	0.05	0	0.05
4	47	0	1	0
4	48	0	1	0
4	49	0	1	0
4	50	0	1	0
4	51	0	1	0
5	52	0	1	0
5	53	0.2	0	0.3
5	54	0.2	0	0.25
5	55	0.2	0	0.65
5	56	0.2	0	0.3
5	57	0.2	0	0.35
5	58	0.2	0	0.3
5	59	0.2	0	0.5
5	60	0.2	0	0.4
5	61	0.2	0	0.5
5	62	0.2	0	0.5
5	63	0	1	0
5	64	0	1	0
5	65	0	1	0
5	66	0	1	0
6	67	0	1	0
6	68	0	0	0
6	69	0	0	0
6	70	0	0	0
6	71	0	0	1
6	72	0	0	1
6	73	0	0	0.7
6	74	0	0	0.7
6	75	0.2	0	0.4
6	76	0	1	0
6	77	0	1	0
7	78	0	1	0
7	79	0.2	0	0
7	80	0.3	0	0
7	81	0.2	0	0.5
7	82	0.2	0	0.6
7	83	0.2	0	0.5
7	84	0.2	0	0.45
7	85	0.2	0	0.45
7	86	0.2	0	0.45
7	87	0	1	0
7	88	0	1	0
8	89	0	1	0
8	90	0	1	0
8	91	0	0	0.3
8	92	0.25	0	0
8	93	0.2	0	0.1
8	94	0.2	0	0
8	95	0	0	0
8	96	0	0	0
8	97	0.05	0	0.05
8	98	0.05	0	0.05
8	99	0	1	0
8	100	0	1	0
8	101	0	1	0
8	102	0	1	0
8	103	0	1	0
9	104	0	1	0
9	105	0.2	0	0.3
9	106	0.2	0	0.25
9	107	0.2	0	0.65
9	108	0.2	0	0.3
9	109	0.2	0	0.35
9	110	0.2	0	0.3
9	111	0.2	0	0.5
9	112	0.2	0	0.4
9	113	0.2	0	0.5
9	114	0.2	0	0.5
9	115	0	1	0
9	116	0	1	0
9	117	0	1	0
9	118	0	1	0
10	119	0	1	0
10	120	0	0	0
10	121	0	0	0
10	122	0	0	0
10	123	0	0	1
10	124	0	0	1
10	125	0	0	0.7
10	126	0	0	0.7
10	127	0.2	0	0.4
10	128	0	1	0
10	129	0	1	0
11	130	0	1	0
11	131	0.2	0	0
11	132	0.3	0	0
11	133	0.2	0	0.5
11	134	0.2	0	0.6
11	135	0.2	0	0.5
11	136	0.2	0	0.45
11	137	0.2	0	0.45
11	138	0.2	0	0.45
11	139	0	1	0
11	140	0	1	0
12	141	0	1	0
12	142	0	1	0
12	143	0	0	0.3
12	144	0.25	0	0
12	145	0.2	0	0.1
12	146	0.2	0	0
12	147	0	0	0
12	148	0	0	0
12	149	0.05	0	0.05
12	150	0.05	0	0.05
12	151	0	1	0
12	152	0	1	0
12	153	0	1	0
12	154	0	1	0
12	155	0	1	0
13	156	0	1	0
13	157	0.2	0	0.3
13	158	0.2	0	0.25
13	159	0.2	0	0.65
13	160	0.2	0	0.3
13	161	0.2	0	0.35
13	162	0.2	0	0.3
13	163	0.2	0	0.5
13	164	0.2	0	0.4
13	165	0.2	0	0.5
13	166	0.2	0	0.5
13	167	0	1	0
13	168	0	1	0
13	169	0	1	0
13	170	0	1	0
14	171	0	1	0
14	172	0	0	0
14	173	0	0	0
14	174	0	0	0
14	175	0	0	1
14	176	0	0	1
14	177	0	0	0.7
14	178	0	0	0.7
14	179	0.2	0	0.4
14	180	0	1	0
14	181	0	1	0
15	182	0	1	0
15	183	0.2	0	0
15	184	0.3	0	0
15	185	0.2	0	0.5
15	186	0.2	0	0.6
15	187	0.2	0	0.5
15	188	0.2	0	0.45
15	189	0.2	0	0.45
15	190	0.2	0	0.45
15	191	0	1	0
15	192	0	1	0
16	193	0	1	0
16	194	0	1	0
16	195	0	0	0.3
16	196	0.25	0	0
16	197	0.2	0	0.1
16	198	0.2	0	0
16	199	0	0	0
16	200	0	0	0
16	201	0.05	0	0.05
16	202	0.05	0	0.05
16	203	0	1	0
16	204	0	1	0
16	205	0	1	0
16	206	0	1	0
16	207	0	1	0
17	208	0	1	0
17	209	0.2	0	0.3
17	210	0.2	0	0.25
17	211	0.2	0	0.65
17	212	0.2	0	0.3
17	213	0.2	0	0.35
17	214	0.2	0	0.3
17	215	0.2	0	0.5
17	216	0.2	0	0.4
17	217	0.2	0	0.5
17	218	0.2	0	0.5
17	219	0	1	0
17	220	0	1	0
17	221	0	1	0
17	222	0	1	0
18	223	0	1	0
18	224	0	0	0
18	225	0	0	0
18	226	0	0	0
18	227	0	0	1
18	228	0	0	1
18	229	0	0	0.7
18	230	0	0	0.7
18	231	0.2	0	0.4
18	232	0	1	0
18	233	0	1	0
19	234	0	1	0
19	235	0.2	0	0
19	236	0.3	0	0
19	237	0.2	0	0.5
19	238	0.2	0	0.6
19	239	0.2	0	0.5
19	240	0.2	0	0.45
19	241	0.2	0	0.45
19	242	0.2	0	0.45
19	243	0	1	0
19	244	0	1	0
20	245	0	1	0
20	246	0	1	0
20	247	0	0	0.3
20	248	0.25	0	0
20	249	0.2	0	0.1
20	250	0.2	0	0
20	251	0	0	0
20	252	0	0	0
20	253	0.05	0	0.05
20	254	0.05	0	0.05
20	255	0	1	0
20	256	0	1	0
20	257	0	1	0
20	258	0	1	0
20	259	0	1	0
21	260	0	1	0
21	261	0.2	0	0.3
21	262	0.2	0	0.25
21	263	0.2	0	0.65
21	264	0.2	0	0.3
21	265	0.2	0	0.35
21	266	0.2	0	0.3
21	267	0.2	0	0.5
21	268	0.2	0	0.4
21	269	0.2	0	0.5
21	270	0.2	0	0.5
21	271	0	1	0
21	272	0	1	0
21	273	0	1	0
21	274	0	1	0
22	275	0	1	0
22	276	0	0	0
22	277	0	0	0
22	278	0	0	0
22	279	0	0	1
22	280	0	0	1
22	281	0	0	0.7
22	282	0	0	0.7
22	283	0.2	0	0.4
22	284	0	1	0
22	285	0	1	0
23	286	0	1	0
23	287	0.2	0	0
23	288	0.3	0	0
23	289	0.2	0	0.5
23	290	0.2	0	0.6
23	291	0.2	0	0.5
23	292	0.2	0	0.45
23	293	0.2	0	0.45
23	294	0.2	0	0.45
23	295	0	1	0
23	296	0	1	0
24	297	0	1	0
24	298	0	1	0
24	299	0	0	0.3
24	300	0.25	0	0
24	301	0.2	0	0.1
24	302	0.2	0	0
24	303	0	0	0
24	304	0	0	0
24	305	0.05	0	0.05
24	306	0.05	0	0.05
24	307	0	1	0
24	308	0	1	0
24	309	0	1	0
24	310	0	1	0
24	311	0	1	0